NORMAL:
+-----------+---+-----------+
| 0       1 |   | 5       6 |
|           |   |           |
|     2     |   |     7     |
|       +---+---+---+       |
| 3     | 4 |   | 8 |     9 |
+-------+-10+   +11-+-------+
|       |     12    |       |
+-------+-13+   +14-+-------+
|15     | 16|   |20 |     21|
|       +---+---+---+       |
|    17     |   |     22    |
|           |   |           |
|18       19|   |23       24|
+-----------+---+-----------+

FLIP DIAGONAL 1-3:
[24,21,22,23,20,9,6,7,8,5,14,11,12,13,10,19,16,17,18,15,4,1,2,3,0]
+-----------+---+-----------+
|24       21|   | 9       6 |
|           |   |           |
|    22     |   |     7     |
|       +---+---+---+       |
|23     | 20|   | 8 |     5 |
+-------+-14+   +11-+-------+
|       |     12    |       |
+-------+-13+   +10-+-------+
|19     | 16|   | 4 |      1|
|       +---+---+---+       |
|    17     |   |     2     |
|           |   |           |
|18       15|   | 3       0 |
+-----------+---+-----------+

FLIP DIAGONAL 0-4:
[0,3,2,1,4,15,18,17,16,19,10,13,12,11,14,5,8,7,6,9,20,23,22,21,24]
+-----------+---+-----------+
| 0       3 |   |15       18|
|           |   |           |
|     2     |   |     17    |
|       +---+---+---+       |
| 1     | 4 |   |16 |     19|
+-------+-10+   +13-+-------+
|       |     12    |       |
+-------+-11+   +14-+-------+
| 5     | 8 |   |20 |     23|
|       +---+---+---+       |
|     7     |   |     22    |
|           |   |           |
| 6        9|   |21       24|
+-----------+---+-----------+

FLIP HORIZONTAL:
[18,19,17,15,16,23,24,22,20,21,13,14,12,10,11,3,4,2,0,1,8,9,7,5,6]
+-----------+---+-----------+
|18       19|   |23       24|
|           |   |           |
|    17     |   |     22    |
|       +---+---+---+       |
|15     | 16|   |20 |     21|
+-------+-13+   +14-+-------+
|       |     12    |       |
+-------+-10+   +11-+-------+
| 3     | 4 |   | 8 |     9 |
|       +---+---+---+       |
|     2     |   |     7     |
|           |   |           |
| 0       1 |   | 5       6 |
+-----------+---+-----------+

FLIP VERTICAL:
[6,5,7,9,8,1,0,2,4,3,11,10,12,14,13,21,20,22,24,23,16,15,17,19,18]
+-----------+---+-----------+
| 6       5 |   | 1       0 |
|           |   |           |
|     7     |   |     2     |
|       +---+---+---+       |
| 9     | 8 |   | 4 |     3 |
+-------+-11+   +10-+-------+
|       |     12    |       |
+-------+-14+   +13-+-------+
|21     | 20|   |16 |     15|
|       +---+---+---+       |
|    22     |   |     17    |
|           |   |           |
|24       23|   |19       18|
+-----------+---+-----------+

ROTATION 270:
[6,9,7,5,8,21,24,22,20,23,11,14,12,10,13,1,4,2,0,3,16,19,17,15,18]
+-----------+---+-----------+
| 6       9 |   |21       24|
|           |   |           |
|     7     |   |     22    |
|       +---+---+---+       |
| 5     | 8 |   |20 |     23|
+-------+-11+   +14-+-------+
|       |     12    |       |
+-------+-10+   +13-+-------+
| 1     | 4 |   |16 |     19|
|       +---+---+---+       |
|     2     |   |     17    |
|           |   |           |
| 0       3 |   |15       18|
+-----------+---+-----------+

ROTATION 180:
[24,23,22,21,20,19,18,17,16,15,14,13,12,11,10,9,8,7,6,5,4,3,2,1,0]
+-----------+---+-----------+
|24       23|   |19       18|
|           |   |           |
|    22     |   |     17    |
|       +---+---+---+       |
|21     | 20|   |16 |     15|
+-------+-14+   +13-+-------+
|       |     12    |       |
+-------+-11+   +10-+-------+
| 9     | 8 |   | 4 |      3|
|       +---+---+---+       |
|     7     |   |     2     |
|           |   |           |
| 6       5 |   | 1       0 |
+-----------+---+-----------+

ROTATION 90:
[18,15,17,19,16,3,0,2,4,1,13,10,12,14,11,23,20,22,24,21,8,5,7,9,6]
+-----------+---+-----------+
|18       15|   | 3       0 |
|           |   |           |
|    17     |   |     2     |
|       +---+---+---+       |
|19     | 16|   | 4 |     1 |
+-------+-13+   +10-+-------+
|       |     12    |       |
+-------+-14+   +11-+-------+
|23     | 20|   | 8 |     5 |
|       +---+---+---+       |
|    22     |   |     7     |
|           |   |           |
|24       21|   | 9       6 |
+-----------+---+-----------+
